65000.00000000	0.00000000	0.00000000
65075.00000000	0.00000000	0.00000000
65150.00000000	0.00000000	0.00000000
65225.00000000	0.00000000	0.00000000
65300.00000000	0.00000000	0.00000000
65375.00000000	0.00000000	0.00000000
65450.00000000	0.00000000	0.00000000
65525.00000000	0.00000000	0.00000000
65600.00000000	0.00097656	0.00202168
65675.00000000	0.00130208	0.00223505
65750.00000000	0.00097656	0.00202168
65825.00000000	0.00260417	0.00252147
65900.00000000	0.00097656	0.00202168
65975.00000000	0.00097656	0.00202168
66050.00000000	0.00032552	0.00126074
66125.00000000	0.00000000	0.00000000
66200.00000000	0.00000000	0.00000000
66275.00000000	0.00000000	0.00000000
66350.00000000	0.00000000	0.00000000
66425.00000000	0.00000000	0.00000000
66500.00000000	0.00000000	0.00000000
66575.00000000	0.00000000	0.00000000
66650.00000000	0.00000000	0.00000000
66725.00000000	0.00000000	0.00000000
66800.00000000	0.00097656	0.00202168
66875.00000000	0.00455729	0.00223505
66950.00000000	0.00846354	0.00223505
67025.00000000	0.01204427	0.00252147
67100.00000000	0.01302083	0.00238257
67175.00000000	0.01464844	0.00000000
67250.00000000	0.01888021	0.00171809
67325.00000000	0.01920573	0.00126074
67400.00000000	0.02018229	0.00171809
67475.00000000	0.02018229	0.00171809
67550.00000000	0.01920573	0.00126074
67625.00000000	0.01953125	0.00000000
67700.00000000	0.01529948	0.00171809
67775.00000000	0.01432292	0.00126074
67850.00000000	0.01139323	0.00238257
67925.00000000	0.00976562	0.00000000
68000.00000000	0.00520833	0.00126074
68075.00000000	0.00488281	0.00000000
68150.00000000	0.00292969	0.00247604
68225.00000000	0.00130208	0.00223505
68300.00000000	0.00000000	0.00000000
68375.00000000	0.00000000	0.00000000
68450.00000000	0.00000000	0.00000000
68525.00000000	0.00000000	0.00000000
68600.00000000	0.00000000	0.00000000
68675.00000000	0.00032552	0.00126074
68750.00000000	0.00260417	0.00252147
68825.00000000	0.00520833	0.00126074
68900.00000000	0.01139323	0.00238257
68975.00000000	0.01888021	0.00171809
69050.00000000	0.02929687	0.00000000
69125.00000000	0.03938802	0.00126074
69200.00000000	0.05338542	0.00126074
69275.00000000	0.06868490	0.00126074
69350.00000000	0.08789062	0.00000000
69425.00000000	0.10742187	0.00000000
69500.00000000	0.12695312	0.00000000
69575.00000000	0.14680990	0.00126074
69650.00000000	0.16080729	0.00126074
69725.00000000	0.17415365	0.00238257
69800.00000000	0.18033854	0.00126074
69875.00000000	0.18066406	0.00000000
69950.00000000	0.17578125	0.00000000
70025.00000000	0.16373698	0.00252147
70100.00000000	0.14876302	0.00252147
70175.00000000	0.12825521	0.00223505
70250.00000000	0.10319010	0.00171809
70325.00000000	0.08268229	0.00126074
70400.00000000	0.06347656	0.00000000
70475.00000000	0.04850260	0.00126074
70550.00000000	0.03873698	0.00126074
70625.00000000	0.03971354	0.00171809
70700.00000000	0.05045573	0.00238257
70775.00000000	0.07617187	0.00247604
70850.00000000	0.11360677	0.00223505
70925.00000000	0.16243490	0.00223505
71000.00000000	0.22656250	0.00247604
71075.00000000	0.29915365	0.00223505
71150.00000000	0.37565104	0.00126074
71225.00000000	0.45149740	0.00252147
71300.00000000	0.52311198	0.00171809
71375.00000000	0.58854167	0.00252147
71450.00000000	0.64355469	0.00202168
71525.00000000	0.67871094	0.00000000
71600.00000000	0.69954427	0.00223505
71675.00000000	0.70182292	0.00223505
71750.00000000	0.68977865	0.00223505
71825.00000000	0.65397135	0.00126074
71900.00000000	0.60546875	0.00000000
71975.00000000	0.54687500	0.00000000
72050.00000000	0.47884115	0.00126074
72125.00000000	0.40429687	0.00202168
72200.00000000	0.33007812	0.00247604
72275.00000000	0.25846354	0.00126074
72350.00000000	0.19303385	0.00252147
72425.00000000	0.13671875	0.00000000
72500.00000000	0.09082031	0.00247604
72575.00000000	0.05957031	0.00202168
72650.00000000	0.04003906	0.00202168
72725.00000000	0.03417969	0.00000000
72800.00000000	0.03906250	0.00000000
72875.00000000	0.05436198	0.00171809
72950.00000000	0.07714844	0.00202168
73025.00000000	0.10253906	0.00000000
73100.00000000	0.12695312	0.00000000
73175.00000000	0.15136719	0.00000000
73250.00000000	0.17089844	0.00000000
73325.00000000	0.18554687	0.00000000
73400.00000000	0.19498698	0.00126074
73475.00000000	0.19596354	0.00171809
73550.00000000	0.19238281	0.00247604
73625.00000000	0.18131510	0.00171809
73700.00000000	0.16699219	0.00202168
73775.00000000	0.15104167	0.00126074
73850.00000000	0.13118490	0.00171809
73925.00000000	0.11035156	0.00247604
74000.00000000	0.08919271	0.00223505
74075.00000000	0.06966146	0.00223505
74150.00000000	0.05240885	0.00223505
74225.00000000	0.03743490	0.00238257
74300.00000000	0.02441406	0.00000000
74375.00000000	0.01464844	0.00000000
74450.00000000	0.00781250	0.00247604
74525.00000000	0.00390625	0.00202168
74600.00000000	0.00000000	0.00000000
74675.00000000	0.00000000	0.00000000
74750.00000000	0.00000000	0.00000000
74825.00000000	0.00000000	0.00000000
74900.00000000	0.00000000	0.00000000
74975.00000000	0.00000000	0.00000000
75050.00000000	0.00227865	0.00252147
75125.00000000	0.00455729	0.00126074
75200.00000000	0.00520833	0.00126074
75275.00000000	0.00716146	0.00252147
75350.00000000	0.00976562	0.00000000
75425.00000000	0.01074219	0.00202168
75500.00000000	0.01399740	0.00171809
75575.00000000	0.01464844	0.00000000
75650.00000000	0.01529948	0.00171809
75725.00000000	0.01888021	0.00171809
75800.00000000	0.01953125	0.00000000
75875.00000000	0.01953125	0.00000000
75950.00000000	0.01920573	0.00126074
76025.00000000	0.01725260	0.00252147
76100.00000000	0.01464844	0.00000000
76175.00000000	0.01334635	0.00223505
76250.00000000	0.01009115	0.00126074
76325.00000000	0.00781250	0.00247604
76400.00000000	0.00488281	0.00000000
76475.00000000	0.00097656	0.00202168
76550.00000000	0.00000000	0.00000000
76625.00000000	0.00000000	0.00000000
76700.00000000	0.00000000	0.00000000
76775.00000000	0.00000000	0.00000000
76850.00000000	0.00000000	0.00000000
76925.00000000	0.00000000	0.00000000
77000.00000000	0.00000000	0.00000000
